22 serialization::archive 12 0 0 0 0 1 2 1 0
0 0 0 7 0 0 0 0 0 0 6 0 1.66666666999999991e-01 1.66666666999999991e-01 1.66666666999999991e-01 1.66666666999999991e-01 1.66666666999999991e-01 1.66666666999999991e-01 0 0 0 0 0 0.00000000000000000e+00 0.00000000000000000e+00 0 0 0 1 1 2
1 1 1 7 1 0 0 0 2 0 6 0 1.66666666999999991e-01 1.66666666999999991e-01 1.66666666999999991e-01 1.66666666999999991e-01 1.66666666999999991e-01 1.66666666999999991e-01 3 0 7 unstack 7 block_3 7 block_1 0 -2.50000000000000000e-01 1.00000000000000000e+00 3 1 1 2
2 2 2 7 1 0 2 1 6 0 1.66666666666666657e-01 1.66666666666666657e-01 1.66666666666666657e-01 1.66666666666666657e-01 1.66666666666666657e-01 1.66666666666666657e-01 2 0 5 check 7 block_3 0 -2.50000000000000000e-01 1.00000000199999994e+00 13 3 1 2
3 3 3 7 1 0 2 2 6 0 5.00000000000000000e-01 0.00000000000000000e+00 5.00000000000000000e-01 0.00000000000000000e+00 0.00000000000000000e+00 0.00000000000000000e+00 3 0 8 put-down 7 block_3 6 tableC 0 -2.50000000000000000e-01 3.33333333333333315e-01 49 1 1 2
4 4 4 7 1 0 2 3 6 0 5.00000000000000000e-01 0.00000000000000000e+00 5.00000000000000000e-01 0.00000000000000000e+00 0.00000000000000000e+00 0.00000000000000000e+00 3 0 7 pick-up 7 block_2 6 tableC 0 -2.50000000000000000e-01 1.00000000000000000e+00 99 1 1 2
5 5 5 7 1 0 2 4 6 0 5.00000000000000000e-01 0.00000000000000000e+00 5.00000000000000000e-01 0.00000000000000000e+00 0.00000000000000000e+00 0.00000000000000000e+00 2 0 5 check 7 block_2 0 -2.50000000000000000e-01 1.00000000000000000e+00 221 2 1 2
6 6 6 7 1 0 2 5 6 0 1.00000000000000000e+00 0.00000000000000000e+00 0.00000000000000000e+00 0.00000000000000000e+00 0.00000000000000000e+00 0.00000000000000000e+00 3 0 8 put-down 7 block_2 6 tableC 0 -2.50000000000000000e-01 5.00000000000000000e-01 469 1 1 2
7 7 7 7 1 0 2 6 6 0 1.00000000000000000e+00 0.00000000000000000e+00 0.00000000000000000e+00 0.00000000000000000e+00 0.00000000000000000e+00 0.00000000000000000e+00 3 0 7 pick-up 7 block_1 6 tableC 0 -2.50000000000000000e-01 1.00000000000000000e+00 576 1 1 2
8 8 8 7 1 0 2 7 6 0 1.00000000000000000e+00 0.00000000000000000e+00 0.00000000000000000e+00 0.00000000000000000e+00 0.00000000000000000e+00 0.00000000000000000e+00 3 0 5 stack 7 block_1 7 block_3 0 -2.50000000000000000e-01 1.00000000000000000e+00 456 1 1 2
9 9 9 7 1 0 2 8 6 0 1.00000000000000000e+00 0.00000000000000000e+00 0.00000000000000000e+00 0.00000000000000000e+00 0.00000000000000000e+00 0.00000000000000000e+00 3 0 7 pick-up 7 block_2 6 tableC 0 -2.50000000000000000e-01 1.00000000000000000e+00 739 1 1 2
10 10 10 7 1 0 2 9 6 0 1.00000000000000000e+00 0.00000000000000000e+00 0.00000000000000000e+00 0.00000000000000000e+00 0.00000000000000000e+00 0.00000000000000000e+00 3 0 5 stack 7 block_2 7 block_1 0 -2.50000000000000000e-01 1.00000000000000000e+00 959 0 1 2
11 11 6 7 1 0 2 5 6 0 0.00000000000000000e+00 0.00000000000000000e+00 1.00000000000000000e+00 0.00000000000000000e+00 0.00000000000000000e+00 0.00000000000000000e+00 3 0 5 stack 7 block_2 7 block_3 0 -2.50000000000000000e-01 5.00000000000000000e-01 467 1 1 2
12 12 7 7 1 0 2 11 6 0 0.00000000000000000e+00 0.00000000000000000e+00 1.00000000000000000e+00 0.00000000000000000e+00 0.00000000000000000e+00 0.00000000000000000e+00 3 0 7 pick-up 7 block_1 6 tableC 0 -2.50000000000000000e-01 1.00000000000000000e+00 752 1 1 2
13 13 8 7 1 0 2 12 6 0 0.00000000000000000e+00 0.00000000000000000e+00 1.00000000000000000e+00 0.00000000000000000e+00 0.00000000000000000e+00 0.00000000000000000e+00 3 0 5 stack 7 block_1 7 block_2 0 -2.50000000000000000e-01 1.00000000000000000e+00 967 0 1 2
14 14 3 7 1 0 2 2 6 0 0.00000000000000000e+00 0.00000000000000000e+00 0.00000000000000000e+00 0.00000000000000000e+00 5.00000000000000000e-01 5.00000000000000000e-01 3 0 5 stack 7 block_3 7 block_2 0 -2.50000000000000000e-01 3.33333333333333315e-01 47 1 1 2
15 15 4 7 1 0 2 14 6 0 0.00000000000000000e+00 0.00000000000000000e+00 0.00000000000000000e+00 0.00000000000000000e+00 5.00000000000000000e-01 5.00000000000000000e-01 3 0 7 pick-up 7 block_1 6 tableC 0 -2.50000000000000000e-01 1.00000000000000000e+00 94 1 1 2
16 16 5 7 1 0 2 15 6 0 0.00000000000000000e+00 0.00000000000000000e+00 0.00000000000000000e+00 0.00000000000000000e+00 5.00000000000000000e-01 5.00000000000000000e-01 2 0 5 check 7 block_1 0 -2.50000000000000000e-01 1.00000000000000000e+00 207 2 1 2
17 17 6 7 1 0 2 16 6 0 0.00000000000000000e+00 0.00000000000000000e+00 0.00000000000000000e+00 0.00000000000000000e+00 0.00000000000000000e+00 1.00000000000000000e+00 3 0 8 put-down 7 block_1 6 tableC 0 -2.50000000000000000e-01 5.00000000000000000e-01 444 1 1 2
18 18 7 7 1 0 2 17 6 0 0.00000000000000000e+00 0.00000000000000000e+00 0.00000000000000000e+00 0.00000000000000000e+00 0.00000000000000000e+00 1.00000000000000000e+00 3 0 7 unstack 7 block_3 7 block_2 0 -2.50000000000000000e-01 1.00000000000000000e+00 589 1 1 2
19 19 8 7 1 0 2 18 6 0 0.00000000000000000e+00 0.00000000000000000e+00 0.00000000000000000e+00 0.00000000000000000e+00 0.00000000000000000e+00 1.00000000000000000e+00 3 0 5 stack 7 block_3 7 block_1 0 -2.50000000000000000e-01 1.00000000000000000e+00 307 1 1 2
20 20 9 7 1 0 2 19 6 0 0.00000000000000000e+00 0.00000000000000000e+00 0.00000000000000000e+00 0.00000000000000000e+00 0.00000000000000000e+00 1.00000000000000000e+00 3 0 7 pick-up 7 block_2 6 tableC 0 -2.50000000000000000e-01 1.00000000000000000e+00 586 1 1 2
21 21 10 7 1 0 2 20 6 0 0.00000000000000000e+00 0.00000000000000000e+00 0.00000000000000000e+00 0.00000000000000000e+00 0.00000000000000000e+00 1.00000000000000000e+00 3 0 5 stack 7 block_2 7 block_3 0 -2.50000000000000000e-01 1.00000000000000000e+00 438 0 1 2
22 22 6 7 1 0 2 16 6 0 0.00000000000000000e+00 0.00000000000000000e+00 0.00000000000000000e+00 0.00000000000000000e+00 1.00000000000000000e+00 0.00000000000000000e+00 3 0 5 stack 7 block_1 7 block_3 0 -2.50000000000000000e-01 5.00000000000000000e-01 442 0 1 2
23 23 3 7 1 0 2 2 6 0 0.00000000000000000e+00 5.00000000000000000e-01 0.00000000000000000e+00 5.00000000000000000e-01 0.00000000000000000e+00 0.00000000000000000e+00 3 0 8 put-down 7 block_3 6 tableC 0 -2.50000000000000000e-01 3.33333333333333315e-01 37 1 1 2
24 24 4 7 1 0 2 23 6 0 0.00000000000000000e+00 5.00000000000000000e-01 0.00000000000000000e+00 5.00000000000000000e-01 0.00000000000000000e+00 0.00000000000000000e+00 3 0 7 pick-up 7 block_2 6 tableC 0 -2.50000000000000000e-01 1.00000000000000000e+00 77 1 1 2
25 25 5 7 1 0 2 24 6 0 0.00000000000000000e+00 5.00000000000000000e-01 0.00000000000000000e+00 5.00000000000000000e-01 0.00000000000000000e+00 0.00000000000000000e+00 2 0 5 check 7 block_2 0 -2.50000000000000000e-01 1.00000000000000000e+00 165 2 1 2
26 26 6 7 1 0 2 25 6 0 0.00000000000000000e+00 0.00000000000000000e+00 0.00000000000000000e+00 1.00000000000000000e+00 0.00000000000000000e+00 0.00000000000000000e+00 3 0 5 stack 7 block_2 7 block_1 0 -2.50000000000000000e-01 5.00000000000000000e-01 378 1 1 2
27 27 7 7 1 0 2 26 6 0 0.00000000000000000e+00 0.00000000000000000e+00 0.00000000000000000e+00 1.00000000000000000e+00 0.00000000000000000e+00 0.00000000000000000e+00 3 0 7 pick-up 7 block_3 6 tableC 0 -2.50000000000000000e-01 1.00000000000000000e+00 673 1 1 2
28 28 8 7 1 0 2 27 6 0 0.00000000000000000e+00 0.00000000000000000e+00 0.00000000000000000e+00 1.00000000000000000e+00 0.00000000000000000e+00 0.00000000000000000e+00 3 0 5 stack 7 block_3 7 block_2 0 -2.50000000000000000e-01 1.00000000000000000e+00 914 0 1 2
29 29 6 7 1 0 2 25 6 0 0.00000000000000000e+00 1.00000000000000000e+00 0.00000000000000000e+00 0.00000000000000000e+00 0.00000000000000000e+00 0.00000000000000000e+00 3 0 8 put-down 7 block_2 6 tableC 0 -2.50000000000000000e-01 5.00000000000000000e-01 372 1 1 2
30 30 7 7 1 0 2 29 6 0 0.00000000000000000e+00 1.00000000000000000e+00 0.00000000000000000e+00 0.00000000000000000e+00 0.00000000000000000e+00 0.00000000000000000e+00 3 0 7 pick-up 7 block_1 6 tableC 0 -2.50000000000000000e-01 1.00000000000000000e+00 631 1 1 2
31 31 8 7 1 0 2 30 6 0 0.00000000000000000e+00 1.00000000000000000e+00 0.00000000000000000e+00 0.00000000000000000e+00 0.00000000000000000e+00 0.00000000000000000e+00 3 0 5 stack 7 block_1 7 block_2 0 -2.50000000000000000e-01 1.00000000000000000e+00 357 1 1 2
32 32 9 7 1 0 2 31 6 0 0.00000000000000000e+00 1.00000000000000000e+00 0.00000000000000000e+00 0.00000000000000000e+00 0.00000000000000000e+00 0.00000000000000000e+00 3 0 7 pick-up 7 block_3 6 tableC 0 -2.50000000000000000e-01 1.00000000000000000e+00 648 1 1 2
33 33 10 7 1 0 2 32 6 0 0.00000000000000000e+00 1.00000000000000000e+00 0.00000000000000000e+00 0.00000000000000000e+00 0.00000000000000000e+00 0.00000000000000000e+00 3 0 5 stack 7 block_3 7 block_1 0 -2.50000000000000000e-01 1.00000000000000000e+00 894 0 1 6 0 2 22 2 13 2 28 2 10 2 21 2 33 -2.16669743116231528e+00 0 0 0 0 0 0 0 0 0 0
