22 serialization::archive 12 0 0 0 0 1 2 1 0
0 0 0 7 0 0 0 0 0 0 2 0 5.99999999999999978e-01 4.00000000000000022e-01 0 0 0 0 0 0.00000000000000000e+00 0.00000000000000000e+00 0 0 0 1 1 2
1 1 1 7 1 0 0 0 2 0 2 0 5.99999999999999978e-01 4.00000000000000022e-01 3 0 7 unstack 7 block_3 7 block_1 0 -2.50000000000000000e-01 1.00000000000000000e+00 3 1 1 2
2 2 2 7 1 0 2 1 2 0 5.99999999999999978e-01 4.00000000000000022e-01 2 0 5 check 7 block_3 0 -2.50000000000000000e-01 1.00000000000000000e+00 8 2 1 2
3 3 3 7 1 0 2 2 2 0 0.00000000000000000e+00 1.00000000000000000e+00 3 0 8 put-down 7 block_3 6 tableC 0 -2.50000000000000000e-01 4.00000000000000022e-01 23 1 1 2
4 4 4 7 1 0 2 3 2 0 0.00000000000000000e+00 1.00000000000000000e+00 3 0 7 pick-up 7 block_2 6 tableC 0 -2.50000000000000000e-01 1.00000000000000000e+00 50 1 1 2
5 5 5 7 1 0 2 4 2 0 0.00000000000000000e+00 1.00000000000000000e+00 3 0 5 stack 7 block_2 7 block_1 0 -2.50000000000000000e-01 1.00000000000000000e+00 96 1 1 2
6 6 6 7 1 0 2 5 2 0 0.00000000000000000e+00 1.00000000000000000e+00 3 0 7 pick-up 7 block_3 6 tableC 0 -2.50000000000000000e-01 1.00000000000000000e+00 139 1 1 2
7 7 7 7 1 0 2 6 2 0 0.00000000000000000e+00 1.00000000000000000e+00 3 0 5 stack 7 block_3 7 block_2 0 -2.50000000000000000e-01 1.00000000000000000e+00 181 0 1 2
8 8 3 7 1 0 2 2 2 0 1.00000000000000000e+00 0.00000000000000000e+00 3 0 8 put-down 7 block_3 6 tableC 0 -2.50000000000000000e-01 5.99999999999999978e-01 17 1 1 2
9 9 4 7 1 0 2 8 2 0 1.00000000000000000e+00 0.00000000000000000e+00 3 0 7 pick-up 7 block_2 6 tableC 0 -2.50000000000000000e-01 1.00000000000000000e+00 39 1 1 2
10 10 5 7 1 0 2 9 2 0 1.00000000000000000e+00 0.00000000000000000e+00 3 0 5 stack 7 block_2 7 block_3 0 -2.50000000000000000e-01 1.00000000000000000e+00 82 1 1 2
11 11 6 7 1 0 2 10 2 0 1.00000000000000000e+00 0.00000000000000000e+00 3 0 7 pick-up 7 block_1 6 tableC 0 -2.50000000000000000e-01 1.00000000000000000e+00 128 1 1 2
12 12 7 7 1 0 2 11 2 0 1.00000000000000000e+00 0.00000000000000000e+00 3 0 5 stack 7 block_1 7 block_2 0 -2.50000000000000000e-01 1.00000000000000000e+00 172 0 1 2 0 2 7 2 12 -1.75000069367947209e+00 0 0 0 0 0 0 0 0 0 0
